0
0
0
0
0
0  
0
0                                       1 1  1  1  1  1  1  1  1
1               111              1   1 
1                               11   11                                  1 1111111111111111111111 1
1     1       1                111   111                                11                        11
3333333333333333333333333333333333222333333222222222222222222222333333333333333333333333333333333333333333333333333333333333333333333333333333333333333333333333333333333333333333333333333333333333333333333333333333333333333333
                                        